# SDSSJID, ra, dec, z, g_last_phot, ge_last_phot, obsflag, FESflag, FEStargflag, CLQflag, radioflag, logL5100, logMBH, logEdd_ratio, LOGL_OIII_5007
000116.00+141123.0    0.316674   14.189731  0.404  21.009  0.071  1  1    TDSS_FES_HYPQSO  0  0   44.520   8.74   -1.35 42.512
000904.54-103428.7    2.268926  -10.574640  0.241  19.123  0.022  1  0                N/A  1  0   44.325   8.01   -0.82 42.303
001113.46-110023.5    2.806089  -11.006549  0.495  21.233  0.113  1  0                N/A  0  0   44.203   8.21   -1.15 41.484
001206.25-094536.3    3.026082   -9.760109  0.566  21.638  0.148  1  0                N/A  0  0   44.582   8.51   -1.06 42.032
001502.38-094439.1    3.759927   -9.744217  0.336  20.283  0.055  1  0                N/A  0  0   44.122   8.83   -1.84 41.630
002311.06+003517.5    5.796093    0.588196  0.422  18.728  0.016  1  1      TDSS_FES_MGII  0  0   44.513   9.23   -1.85 42.195
002450.50+003447.7    6.210435    0.579925  0.524  19.814  0.029  1  0                N/A  0  0   44.567   8.70   -1.27 42.007
002627.89-101020.5    6.616243  -10.172385  0.718  20.583  0.063  1  0                N/A  0  0   44.690   9.01   -1.49 42.475
002714.21+001203.7    6.809220    0.201037  0.454  19.466  0.024  1  0                N/A  0  0   44.557   8.19   -0.77 42.052
004339.32+134436.5   10.913875   13.743481  0.527  21.248  0.104  1  1    TDSS_FES_HYPQSO  1  0   44.437   8.81   -1.51 42.546
005244.14+142807.1   13.183932   14.468650  0.652  20.478  0.034  1  1    TDSS_FES_HYPQSO  0  0   44.623   8.54   -1.05 42.240
012821.43+151956.4   22.089293   15.332349  0.548  20.190  0.032  1  0                N/A  0  0   44.630   8.21   -0.71 42.040
012946.71+150457.2   22.444634   15.082572  0.365  20.029  0.101  1  1    TDSS_FES_NQHISN  0  0   44.637   9.27   -1.77 42.533
013203.46-093153.6   23.014445   -9.531573  0.190  19.479  0.024  1  0                N/A  0  0   44.053   7.83   -0.92 41.517
013458.36-091435.4   23.743173   -9.243175  0.443  19.970  0.035  1  0                N/A  1  0    0.000   8.52   -1.03 41.530
015957.64+003310.4   29.990187    0.552900  0.312  19.942  0.044  1  0                N/A  1  0   44.211   8.40   -1.32 41.593
022556.07+003026.7   36.483657    0.507418  0.504  20.710  0.178  1  0                N/A  1  0   44.384   8.35   -1.10 41.594
022652.24-003916.5   36.717678   -0.654585  0.625  21.676  0.186  1  0                N/A  1  0   44.338   7.48   -0.27 41.573
025428.83-004834.9   43.620144   -0.809695  0.810  20.831  0.087  0  0                N/A  0  0   44.795   8.71   -1.16 41.136
025505.68+002522.9   43.773670    0.423045  0.354  20.775  0.086  1  0                N/A  0  0   44.614   8.51   -1.03 41.992
025606.03+001634.8   44.025128    0.276344  0.627  21.531  0.116  1  0                N/A  0  0   44.360   7.67   -0.44 41.889
025619.01-004501.3   44.079245   -0.750380  0.723  19.844  0.050  1  1    TDSS_FES_HYPQSO  0  0   44.883   9.27   -1.35 42.543
033702.66+010627.5   54.261113    1.107648  0.428  21.582  0.185  1  0                N/A  0  0   44.076   8.87   -1.93 40.938
034017.33+003152.6   55.072247    0.531302  0.726  20.514  0.057  0  0                N/A  0  0   44.649   8.43   -0.94 42.182
034144.72-002854.3   55.436361   -0.481764  0.623  19.162  0.027  1  0                N/A  0  0   44.457   9.93   -2.61 42.246
034330.48-073703.1   55.877000   -7.617543  0.742  20.813  0.101  1  0                N/A  0  0   44.452   8.74   -1.29 42.149
074305.47+422013.5  115.772820   42.337090  0.342  20.705  0.065  1  0                N/A  0  0   44.244   8.75   -1.64 42.166
074502.90+374947.0  116.262100   37.829731  0.593  21.677  0.162  1  0                N/A  0  0   44.358   8.38   -1.15 42.431
074511.98+380911.3  116.299930   38.153149  0.237  19.875  0.030  1  0                N/A  1  0   44.109   8.64   -1.67 41.350
074719.65+215245.9  116.831900   21.879419  0.462  20.816  0.062  1  0                N/A  0  0   44.210   8.70   -1.62 42.324
074732.62+371722.9  116.885950   37.289703  0.395  19.640  0.034  0  0                N/A  0  0   44.395   8.29   -1.03 42.300
075228.65+405931.7  118.119380   40.992142  0.423  19.790  0.028  1  1        TDSS_FES_DE  0  0   44.444   8.22   -0.91 42.222
075504.34+430123.8  118.768110   43.023289  0.649  21.468  0.106  0  0                N/A  0  0   44.326   8.27   -1.08 41.504
075525.67+415217.5  118.856970   41.871536  0.560  21.433  0.132  0  0                N/A  0  0   44.130   7.77   -0.78 42.167
080014.70+215047.2  120.061260   21.846460  0.476  21.719  0.167  0  0                N/A  0  0   44.186   8.42   -1.37 41.516
081906.95+313136.7  124.778960   31.526867  0.632  19.216  0.018  0  1    TDSS_FES_HYPQSO  0  0   45.005   9.14   -1.27 42.435
082451.13+473221.4  126.213050   47.539280  0.285  20.608  0.056  1  0                N/A  0  0   44.018   8.58   -1.70 41.471
082708.53+425017.8  126.785580   42.838299  0.333  20.409  0.044  1  0                N/A  0  0   44.090   8.52   -1.57 42.204
082734.94+493210.0  126.895620   49.536133  0.227  19.852  0.051  0  0                N/A  0  0   43.896   7.77   -1.00 41.018
083406.94+350602.9  128.528920   35.100807  0.470  19.524  0.023  1  0                N/A  0  0   44.411   9.03   -1.75 42.127
083528.43+384712.5  128.868460   38.786831  0.405  20.117  0.036  1  0                N/A  0  0   44.472   8.45   -1.11 42.071
083741.97+041358.7  129.424900    4.232989  0.449  20.509  0.069  1  0                N/A  0  0   44.463   8.68   -1.35 41.714
084418.71+303804.2  131.077960   30.634516  0.363  20.325  0.060  0  0                N/A  0  0   44.192   8.27   -1.21 41.811
084419.29+503152.1  131.080400   50.531166  0.323  19.688  0.027  0  0                N/A  0  0   44.278   8.60   -1.46 41.996
084455.11+381237.5  131.229660   38.210438  0.409  21.310  0.078  1  0                N/A  0  0   44.362   8.82   -1.59 41.538
084811.92+340844.6  132.049680   34.145741  0.341  21.176  0.107  0  0                N/A  0  0   44.213   8.91   -1.83 41.669
084820.15+014620.3  132.083960    1.772311  0.572  19.793  0.037  0  0                N/A  0  0   44.637   8.93   -1.43 42.426
084955.90+175035.7  132.482930   17.843258  0.558  20.484  0.059  0  0                N/A  0  0   44.426   8.68   -1.38 41.165
085155.23+150835.5  132.980130   15.143198  0.454  20.585  0.051  0  1    TDSS_FES_HYPQSO  0  0   44.528   9.14   -1.75 41.757
085259.22+031320.6  133.246760    3.222392  0.297  17.246  0.007  0  0                N/A  0  0   45.114   8.38   -0.40 41.924
085353.67+133520.1  133.473660   13.588918  0.578  20.663  0.067  0  1    TDSS_FES_HYPQSO  0  0   44.530   8.92   -1.53 41.951
085431.90+253229.4  133.632920   25.541510  0.570  20.503  0.061  0  1    TDSS_FES_HYPQSO  0  0   44.382   8.44   -1.19 41.936
085451.72+012609.9  133.715520    1.436109  0.542  19.500  0.022  0  0                N/A  0  0   44.798   8.31   -0.64 43.020
085626.71+511117.8  134.111320   51.188286  0.543  20.756  0.096  0  0                N/A  0  0   44.535   9.27   -1.87 42.378
090104.75+345524.2  135.269830   34.923389  0.564  20.989  0.057  1  0                N/A  0  0   44.703   9.22   -1.65 42.400
090339.98+241257.6  135.916590   24.216005  0.605  20.762  0.083  0  1    TDSS_FES_HYPQSO  0  0   44.531   9.16   -1.76 41.926
090345.97+391821.0  135.941580   39.305855  0.374  20.397  0.044  0  0                N/A  0  0   44.107   8.92   -1.95 41.379
090355.18+594401.3  135.979930   59.733719  0.567  20.112  0.042  0  0                N/A  0  0   44.400   9.07   -1.80 41.964
090826.12+421529.9  137.108870   42.258331  0.592  21.029  0.087  0  1    TDSS_FES_HYPQSO  0  0   44.359   9.09   -1.87 42.368
091234.00+262828.2  138.141700   26.474520  0.551  20.221  0.066  0  1    TDSS_FES_HYPQSO  0  0   44.448   8.87   -1.55 42.103
091412.69+340915.5  138.552880   34.154305  0.574  20.876  0.056  0  1    TDSS_FES_HYPQSO  0  0   44.387   8.62   -1.37 42.003
091635.00+405514.5  139.145860   40.920708  0.529  21.330  0.117  0  0                N/A  0  0   44.138   8.21   -1.21 41.985
091730.71+110110.6  139.377960   11.019638  0.303  20.365  0.044  1  1        TDSS_FES_DE  0  0   44.246   8.73   -1.62 41.676
091903.57+350236.3  139.764890   35.043419  0.211  19.177  0.023  1  1    TDSS_FES_NQHISN  0  0   44.242   7.71   -0.60 41.646
092109.11+392315.8  140.287990   39.387730  0.329  20.548  0.046  1  0                N/A  1  0   44.092   8.44   -1.49 41.517
092150.22+575615.1  140.459260   57.937534  0.400  20.280  0.049  0  1        TDSS_FES_DE  0  0   44.428   8.91   -1.61 42.433
092223.17+444629.0  140.596540   44.774727  0.536  20.679  0.074  1  0                N/A  0  0   44.512   8.90   -1.53 41.848
092702.30+043308.2  141.759590    4.552285  0.322  19.643  0.025  1  0                N/A  1  0   44.434   8.80   -1.50 41.929
093255.42+651647.0  143.230920   65.279724  0.502  21.233  0.144  0  0                N/A  0  0   44.764   8.72   -1.09 42.166
093258.25+531748.7  143.242740   53.296864  0.466  20.852  0.068  0  0                N/A  0  0   44.301   8.23   -1.06 42.483
093438.57+405629.8  143.660730   40.941628  0.648  18.982  0.034  0  0                N/A  0  0   44.515   9.61   -2.23 42.005
093912.65+033957.1  144.802720    3.665862  0.580  19.714  0.028  0  0                N/A  0  0   44.986   8.99   -1.14 42.774
093931.84+544909.2  144.882690   54.819225  0.292  20.255  0.058  0  0                N/A  0  0   44.235   8.61   -1.51 42.307
094014.01+303902.9  145.058400   30.650818  0.349  19.767  0.038  1  0                N/A  0  0   44.169   8.41   -1.37 41.301
094132.89+000731.1  145.387080    0.125333  0.489  20.649  0.051  1  0                N/A  0  0   44.490   8.01   -0.65 42.140
094307.46+523403.0  145.781090   52.567509  0.349  20.963  0.066  1  0                N/A  0  0   44.110   8.26   -1.29 41.537
094422.93+112958.3  146.095540   11.499547  0.609  20.348  0.046  0  0                N/A  0  0   44.711   9.14   -1.56 42.468
094427.34+474008.3  146.113920   47.668980  0.511  20.167  0.045  0  1    TDSS_FES_HYPQSO  0  0   44.367   8.50   -1.27 41.462
094443.08+580953.2  146.179540   58.164791  0.562  16.877  0.005  0  1    TDSS_FES_NQHISN  0  0   44.963   9.02   -1.19 42.319
094508.26+091616.3  146.284430    9.271216  0.633  20.449  0.070  0  0                N/A  0  0   44.570   8.92   -1.48 41.837
094522.76+334522.1  146.344860   33.756138  0.379  19.906  0.033  1  0                N/A  0  0   44.127   7.44   -0.45 41.489
094820.87+024501.6  147.086960    2.750461  0.348  20.833  0.079  0  0                N/A  0  0   44.289   9.09   -1.93 42.058
094838.89+052127.0  147.162080    5.357516  0.612  20.197  0.040  0  0                N/A  0  0   44.670   8.95   -1.42 42.030
095301.89+443016.7  148.257900   44.504665  0.350  20.807  0.074  1  0                N/A  0  0   44.257   9.01   -1.88 41.599
095547.89+085126.6  148.949570    8.857402  0.287  20.574  0.050  0  0                N/A  0  0   44.108   8.71   -1.73 41.447
095548.33+421507.8  148.951410   42.252190  0.364  20.370  0.054  0  0                N/A  0  0   44.320   8.00   -0.81 41.730
095753.44+215215.3  149.472690   21.870930  0.493  20.752  0.075  0  0                N/A  0  0   44.203   8.19   -1.12 42.343
095900.19+295738.3  149.750830   29.960655  0.459  20.733  0.072  0  1    TDSS_FES_HYPQSO  0  0   44.303   8.07   -0.90 41.767
100126.85+054606.3  150.361880    5.768418  0.399  20.825  0.058  1  0                N/A  0  0   44.355   8.73   -1.51 41.160
100150.22+513545.5  150.459270   51.595978  0.403  20.818  0.066  1  0                N/A  0  0   44.138   8.60   -1.60 41.863
100220.17+450927.3  150.584080   45.157585  0.400  20.150  0.083  1  1        TDSS_FES_DE  1  0   44.454   8.96   -1.64 41.365
100302.62+193251.2  150.760940   19.547579  0.467  18.724  0.020  1  1    TDSS_FES_HYPQSO  0  0   44.208   9.22   -2.15 42.908
100400.92+524242.3  151.003850   52.711761  0.225  20.301  0.066  0  0                N/A  0  0   43.864   8.79   -2.06 41.290
101152.98+544206.4  152.970780   54.701786  0.246  19.736  0.026  1  1    TDSS_FES_NQHISN  1  1   44.150   7.78   -0.76 41.264
101241.48+552945.8  153.172850   55.496071  0.488  20.256  0.054  0  0                N/A  0  0   44.565   8.43   -1.00 41.844
101347.80+594006.3  153.449200   59.668427  0.332  20.450  0.092  1  0                N/A  0  0   43.977   8.56   -1.71 41.351
101935.23+483226.5  154.896790   48.540710  0.362  20.458  0.049  1  0                N/A  0  0   44.413   8.82   -1.54 41.409
102016.04+014231.7  155.066870    1.708811  0.448  20.925  0.063  1  0                N/A  0  0   44.302   8.12   -0.95 41.740
102152.34+464515.6  155.468080   46.754353  0.204  19.513  0.025  1  0                N/A  1  0   44.154   8.33   -1.31 41.612
102714.15+060727.1  156.809000    6.124213  0.270  19.530  0.020  1  0                N/A  0  0   44.146   8.47   -1.46 41.886
102721.06+364344.3  156.837760   36.729000  0.615  20.667  0.066  0  1    TDSS_FES_HYPQSO  0  0   44.694   8.45   -0.88 41.997
103045.00+104753.2  157.687530   10.798114  0.362  20.699  0.076  1  0                N/A  0  0   44.419   8.67   -1.39 42.026
103054.65+381556.8  157.727750   38.265793  0.535  19.887  0.040  1  0                N/A  0  0   44.630   8.85   -1.35 41.884
103904.53+194322.5  159.768890   19.722942  0.394  20.734  0.055  1  0                N/A  0  0   44.221   8.94   -1.85 42.024
104132.78-005057.4  160.386590   -0.849287  0.303  21.116  0.078  1  0                N/A  1  0   44.368   8.94   -1.71 42.161
104552.42+002410.3  161.468440    0.402863  0.556  20.036  0.030  0  0                N/A  0  0   44.814   9.50   -1.82 42.226
104705.16+544405.8  161.771500   54.734970  0.215  18.915  0.017  0  1        TDSS_FES_DE  0  0   44.227   8.12   -1.03 42.253
104709.27+293446.9  161.788660   29.579699  0.458  20.813  0.058  0  0                N/A  0  0   44.430   8.98   -1.69 41.985
104856.85+344232.1  162.236910   34.708920  0.379  19.706  0.024  0  0                N/A  0  0   44.497   7.99   -0.63 41.783
105125.58+105621.5  162.856600   10.939321  0.602  19.294  0.034  0  0                N/A  0  0   44.902   9.64   -1.87 43.213
105203.55+151929.5  163.014790   15.324886  0.302  20.413  0.044  0  0                N/A  0  0   44.107   8.46   -1.49 41.693
105325.40+302419.3  163.355860   30.405373  0.249  20.506  0.077  1  1        TDSS_FES_DE  0  0   43.957   8.71   -1.89 41.822
105513.88+242553.6  163.807870   24.431581  0.497  20.652  0.059  1  1    TDSS_FES_HYPQSO  0  0   44.168   7.83   -0.79 41.795
105553.51+563434.4  163.973000   56.576241  0.322  18.653  0.028  1  0                N/A  0  0   44.222   9.14   -2.05 42.103
105810.57+031140.8  164.544070    3.194676  0.350  21.054  0.084  0  0                N/A  0  0   43.971   9.11   -2.28 41.267
105822.94+153534.1  164.595610   15.592830  0.348  20.165  0.046  1  0                N/A  0  0   44.350   8.67   -1.45 41.631
110146.57+511435.2  165.444060   51.243130  0.449  21.727  0.125  0  0                N/A  0  0   44.343   8.82   -1.61 42.302
110516.40+111800.9  166.318370   11.300259  0.337  20.750  0.054  1  0                N/A  0  0   44.232   8.57   -1.47 41.348
111006.87+391859.9  167.528650   39.316654  0.597  20.089  0.044  0  0                N/A  0  0   44.841   9.03   -1.32  0.000
111329.68+531338.7  168.373700   53.227440  0.239  20.233  0.035  1  1        TDSS_FES_DE  1  0   43.932   8.62   -1.83 41.309
111348.64+494522.4  168.452700   49.756222  0.659  20.606  0.046  1  0                N/A  0  0   44.734   9.20   -1.60 42.496
111830.74+025630.2  169.628120    2.941732  0.512  20.258  0.046  0  0                N/A  0  0   44.415   8.01   -0.73 41.964
113028.02+324113.2  172.616760   32.687019  0.424  21.085  0.112  0  0                N/A  0  0   44.288   7.84   -0.69 41.753
113416.81-001902.3  173.570040   -0.317331  0.356  20.877  0.092  1  0                N/A  0  0   44.265   8.63   -1.50 41.206
113707.30+270616.8  174.280440   27.104689  0.465  20.702  0.058  0  0                N/A  0  0   44.459   9.33   -2.00 42.685
114004.01+432605.6  175.016720   43.434898  0.394  20.629  0.092  1  0                N/A  0  0   44.326   8.57   -1.38 41.816
114227.15+514906.8  175.613170   51.818558  0.543  20.419  0.041  0  0                N/A  0  0   44.581   9.22   -1.77 42.429
114245.45+680236.5  175.689400   68.043495  0.404  20.919  0.052  0  0                N/A  0  0   44.167   9.17   -2.14 41.480
115219.25+105609.4  178.080220   10.935945  0.642  19.801  0.029  0  0                N/A  0  0   44.711   9.00   -1.43 42.129
115355.88+112554.2  178.482860   11.431726  0.310  20.729  0.057  1  1    TDSS_FES_HYPQSO  1  0   44.041   8.76   -1.86 41.766
115557.88+034207.8  178.991200    3.702171  0.324  21.097  0.081  0  0                N/A  0  0   44.021   7.98   -1.10 41.317
115653.48+333146.9  179.222850   33.529705  0.221  19.536  0.027  1  0                N/A  0  0   44.015   8.23   -1.35 41.849
120038.96+322401.0  180.162350   32.400299  0.512  20.496  0.051  0  0                N/A  0  0   44.656   9.05   -1.53 42.107
120114.47+133137.0  180.310300   13.526952  0.379  19.903  0.031  1  0                N/A  0  0   44.282   8.56   -1.41 41.756
120447.91+170256.8  181.199650   17.049126  0.298  18.241  0.011  0  1        TDSS_FES_DE  0  0   44.705   9.18   -1.61 42.542
120510.23+333532.2  181.292630   33.592297  0.299  19.517  0.027  0  1    TDSS_FES_HYPQSO  0  0   44.272   8.67   -1.53 42.433
120555.34+424149.5  181.480620   42.697086  0.375  20.711  0.056  1  0                N/A  0  0   44.283   7.95   -0.80 41.811
120710.25+000806.1  181.792710    0.135053  0.383  20.553  0.046  0  0                N/A  0  0   44.280   8.75   -1.60 41.519
121033.30-011755.6  182.638790   -1.298785  0.542  19.594  0.033  0  0                N/A  0  0   44.877   9.13   -1.39 42.066
121517.19+551235.5  183.821650   55.209885  0.313  19.365  0.021  1  1    TDSS_FES_NQHISN  0  0   44.546   8.84   -1.43 42.017
121739.24+430734.7  184.413500   43.126331  0.648  20.420  0.046  0  1    TDSS_FES_HYPQSO  0  0   44.308   8.41   -1.23 41.856
122007.38+022431.6  185.030750    2.408781  0.159  19.093  0.017  1  0                N/A  0  0   44.055   8.24   -1.32 41.831
122009.55-013201.1  185.039800   -1.533649  0.287  20.187  0.036  1  0                N/A  0  0   44.122   8.72   -1.73 41.529
122018.43+064119.6  185.076820    6.688783  0.286  19.041  0.018  1  0                N/A  0  0   44.590   9.06   -1.60 41.689
122843.07+104059.2  187.179470   10.683124  0.375  20.421  0.045  1  0                N/A  0  0   44.227   8.41   -1.31 41.716
123228.08+141558.7  188.117010   14.266317  0.427  20.584  0.063  1  0                N/A  0  0   44.304   8.58   -1.41 42.402
123248.32+134945.1  188.201330   13.829220  0.505  19.139  0.021  0  0                N/A  0  0   44.820   9.48   -1.80 42.204
123359.12+084211.5  188.496370    8.703220  0.255  20.308  0.040  1  0                N/A  1  0   43.984   7.91   -1.06  0.000
123523.91+344321.5  188.849660   34.722660  0.597  21.535  0.136  0  0                N/A  0  0   43.948   8.65   -1.84 41.777
123658.10+455354.4  189.242120   45.898460  0.235  19.635  0.032  0  0                N/A  0  0   43.886   8.30   -1.54 41.803
124210.41+115223.8  190.543390   11.873289  0.298  20.703  0.060  1  0                N/A  0  0   44.031   8.41   -1.51 41.495
124259.98+450411.2  190.749920   45.069786  0.467  20.787  0.067  0  0                N/A  0  0   44.141   7.98   -0.97 41.654
124523.22+584047.0  191.346760   58.679741  0.611  21.599  0.168  0  1    TDSS_FES_HYPQSO  0  0   44.325   8.35   -1.16 41.755
124805.45+514415.1  192.022730   51.737549  0.774  20.799  0.057  0  0                N/A  0  0   44.745   8.66   -1.34 42.952
125111.97+134717.9  192.799910   13.788332  0.460  21.312  0.157  0  0                N/A  0  0   44.354   9.24   -2.02 41.215
125444.95+035020.8  193.687310    3.839125  0.394  19.616  0.026  0  0                N/A  0  0   44.676   8.65   -1.11 42.211
125448.27+293240.3  193.701160   29.544540  0.628  21.212  0.097  0  1    TDSS_FES_HYPQSO  0  0   44.478   8.68   -1.34 42.488
130430.57+433343.5  196.127390   43.562088  0.502  20.847  0.071  0  0                N/A  0  0   44.665   8.57   -1.04 42.318
132457.29+480241.2  201.238730   48.044792  0.272  19.697  0.030  1  0                N/A  1  0   44.336   8.51   -1.30 41.821
132743.53+654651.7  201.931400   65.781052  0.451  21.831  0.153  0  0                N/A  0  0   44.178   8.65   -1.60 41.064
132815.50+223823.8  202.064620   22.639973  0.486  20.728  0.059  1  0                N/A  0  0   44.420   8.76   -1.47 41.721
132931.37+202723.1  202.380740   20.456434  0.231  20.184  0.048  1  1    TDSS_FES_HYPQSO  0  0   43.867   8.22   -1.48 41.950
132935.42+221610.4  202.397610   22.269573  0.290  21.277  0.100  0  0                N/A  0  0   44.191   8.12   -1.06 41.505
133016.10+525101.8  202.567110   52.850521  0.162  15.908  0.026  1  1        TDSS_FES_DE  0  0   44.309   8.92   -1.74 41.757
133223.55+184110.8  203.098160   18.686350  0.513  21.471  0.135  0  0                N/A  0  0   44.121   8.67   -1.68 41.456
133420.03+063832.7  203.583490    6.642442  0.536  17.961  0.010  1  0                N/A  0  0   44.834   9.47   -1.77 42.846
133952.36+062528.2  204.968170    6.424513  0.335  20.692  0.071  0  0                N/A  0  0   43.985   8.27   -1.42 42.070
134104.40+671337.1  205.268340   67.226990  0.551  20.414  0.042  1  0                N/A  0  0   44.317   8.48   -1.30 42.095
134402.37+110550.4  206.009900   11.097340  0.385  19.651  0.027  0  0                N/A  0  0   44.326   8.32   -1.13 41.863
134418.69+034649.3  206.077910    3.780365  0.327  19.643  0.033  1  0                N/A  0  0   44.269   8.29   -1.16 42.034
134438.37+053711.4  206.159890    5.619848  0.396  20.384  0.055  0  0                N/A  0  0   44.286   8.23   -1.08 42.219
134551.66+425755.3  206.465270   42.965366  0.451  20.326  0.050  0  0                N/A  0  0   44.516   9.70   -2.32 42.158
134855.57+255854.3  207.231550   25.981773  0.480  19.949  0.024  0  0                N/A  0  0   44.480   8.42   -1.08 41.946
134926.68+214132.6  207.361170   21.692392  0.641  20.086  0.038  0  1    TDSS_FES_HYPQSO  0  0   44.530   7.87   -0.47 42.456
135415.36+594051.8  208.564040   59.681080  0.612  18.686  0.015  0  0                N/A  0  0   44.538   8.39   -0.99 42.035
140325.35+011338.6  210.855640    1.227415  0.255  20.130  0.046  0  0                N/A  0  0   44.092   8.49   -1.53 41.105
140337.55+043126.2  210.906470    4.523956  0.538  20.115  0.039  0  0                N/A  0  0   44.694   8.48   -0.92 42.008
140506.21+171707.9  211.275880   17.285534  0.340  19.238  0.020  1  1        TDSS_FES_DE  0  0   44.714   9.44   -1.86 42.312
140914.75+183126.8  212.311500   18.524113  0.410  19.956  0.034  0  0                N/A  0  0   44.263   8.41   -1.28 41.796
140935.07-010446.6  212.396140   -1.079626  0.639  20.227  0.040  0  0                N/A  0  0   44.446   8.40   -1.08 41.582
141213.61+021202.1  213.056740    2.200594  0.295  19.166  0.023  1  0                N/A  0  0   44.287   9.40   -2.24 42.432
142046.16+304406.9  215.192370   30.735254  0.624  20.037  0.031  0  0                N/A  0  0   44.592   8.85   -1.39 42.108
142308.36+372359.5  215.784840   37.399883  0.511  20.534  0.051  0  0                N/A  0  0   44.230   8.05   -0.96 41.678
142310.49+045455.0  215.793730    4.915297  0.608  20.320  0.049  0  0                N/A  0  0   44.648   8.83   -1.32 41.877
143101.65-004251.6  217.756890   -0.714354  0.334  20.429  0.066  1  0                N/A  0  0   44.285   8.79   -1.64 42.140
143233.52+065044.6  218.139680    6.845744  0.583  20.707  0.076  0  0                N/A  0  0   44.707   8.33   -0.76 42.479
143233.96-012145.4  218.141530   -1.362622  0.521  20.012  0.049  0  0                N/A  0  0   44.791   9.20   -1.54 42.297
143428.58+591728.7  218.619080   59.291309  0.534  21.138  0.179  0  0                N/A  0  0   44.121   7.96   -0.97 42.251
143455.31+572345.0  218.730480   57.395855  0.175  18.913  0.015  1  1        TDSS_FES_DE  1  0   44.141   8.88   -1.87 41.524
143921.55+343412.1  219.839810   34.570034  0.602  20.046  0.040  0  1    TDSS_FES_HYPQSO  0  0   44.886   9.02   -1.27 42.247
144702.87+273746.7  221.761970   27.629642  0.224  19.883  0.034  1  1        TDSS_FES_DE  1  0   44.058   9.05   -2.13 42.056
145026.65+583944.9  222.611060   58.662479  0.210  17.938  0.011  1  0                N/A  0  0   44.159   8.26   -1.23 41.802
145339.24+220655.7  223.413520   22.115492  0.500  20.712  0.060  0  0                N/A  0  0   44.274   8.03   -0.89 43.020
145403.79+591801.5  223.515800   59.300434  0.303  20.363  0.064  1  0                N/A  0  0   44.230   7.89   -0.80 41.516
145519.88+364800.4  223.832840   36.800114  0.525  20.565  0.051  1  0                N/A  0  0   44.565   8.58   -1.15 41.631
150431.10+263259.9  226.129600   26.549990  0.507  20.604  0.053  0  1    TDSS_FES_HYPQSO  0  0   44.285   8.22   -1.07 42.154
151307.39+035659.0  228.280820    3.949738  0.355  21.719  0.176  0  0                N/A  0  0   44.176   9.02   -1.98 41.741
151341.69+294710.2  228.423710   29.786188  0.597  21.369  0.143  0  1    TDSS_FES_HYPQSO  0  0   44.479   8.42   -1.08 42.473
151400.08+332049.8  228.500370   33.347187  0.513  20.907  0.088  0  0                N/A  0  0   44.387   8.87   -1.61 42.300
151418.48+081525.9  228.577020    8.257216  0.344  20.664  0.061  1  0                N/A  0  0   44.120   8.34   -1.36 41.835
151604.24+355024.8  229.017670   35.840225  0.592  19.507  0.038  1  0                N/A  0  0   44.989   8.91   -1.06 42.594
151910.46+351430.0  229.793590   35.241692  0.636  20.627  0.086  0  1    TDSS_FES_HYPQSO  0  0   44.409   7.82   -0.54 42.320
152044.63+394930.3  230.186000   39.825092  0.439  20.985  0.119  1  0                N/A  0  0   44.272   8.52   -1.38 42.086
153142.08+132834.5  232.925340   13.476277  0.398  20.447  0.058  1  0                N/A  0  0   44.317   9.41   -2.23 42.107
153240.87+433225.2  233.170310   43.540356  0.388  20.157  0.041  0  0                N/A  0  0   44.379   8.58   -1.33 41.416
153612.80+034245.7  234.053330    3.712718  0.365  19.490  0.026  1  0                N/A  1  0   44.736   8.83   -1.23 41.956
153728.69+012030.4  234.369570    1.341781  0.336  20.500  0.043  1  0                N/A  0  0   44.344   8.02   -0.80 41.896
153734.06+461358.9  234.391950   46.233028  0.378  20.529  0.056  1  0                N/A  1  0   44.356   8.51   -1.29 41.480
153912.76+524540.2  234.803170   52.761185  0.415  21.220  0.101  1  0                N/A  0  0   44.300   8.33   -1.16 41.554
153926.83+200256.6  234.861800   20.049067  0.473  20.713  0.064  0  0                N/A  0  0   44.441   8.91   -1.60 41.559
154304.76+053929.2  235.769870    5.658132  0.539  21.297  0.084  0  0                N/A  0  0   44.019   8.43   -1.54 41.522
154318.39+513042.9  235.826670   51.511917  0.402  21.163  0.102  1  0                N/A  0  0   44.262   9.08   -1.96 41.966
154341.64+385319.3  235.923500   38.888721  0.432  20.092  0.036  1  1        TDSS_FES_DE  0  0   44.460   9.09   -1.76 42.033
154642.82+035054.5  236.678440    3.848490  0.577  22.645  0.111  0  0                N/A  0  0   43.945   8.88   -2.07 41.933
154852.67+534248.1  237.219480   53.713371  0.492  20.702  0.071  0  0                N/A  0  0   44.152   9.07   -2.05 41.798
155203.13+055001.6  238.013050    5.833789  0.489  20.866  0.075  0  0                N/A  0  0   44.438   9.25   -1.95 41.614
160111.26+474509.6  240.296920   47.752686  0.297  20.688  0.063  1  0                N/A  1  0   44.236   8.59   -1.49 41.514
160226.01+323019.1  240.608400   32.505322  0.557  19.674  0.031  1  0                N/A  0  0   44.749   8.76   -1.15 42.199
160742.94+432816.4  241.928940   43.471245  0.596  18.859  0.027  1  1        TDSS_FES_DE  0  0   45.090   8.56   -0.61 43.122
161055.95+185041.6  242.733130   18.844891  0.629  21.032  0.073  0  1    TDSS_FES_HYPQSO  0  0   44.110   8.07   -1.10 42.263
161156.29+451610.9  242.984580   45.269699  0.368  20.481  0.044  1  0                N/A  0  0   44.289   8.52   -1.37 41.641
161407.07+513354.5  243.529490   51.565151  0.348  20.586  0.090  1  0                N/A  0  0   44.204   8.38   -1.31 41.281
161602.39+482201.2  244.009960   48.367001  0.576  20.229  0.074  1  0                N/A  0  0   44.544   8.79   -1.38 41.978
161711.42+063833.4  244.297590    6.642638  0.229  19.491  0.022  1  0                N/A  1  0   44.299   8.45   -1.28 42.483
162415.02+455130.0  246.062610   45.858360  0.481  20.508  0.083  1  0                N/A  1  0   44.443   8.48   -1.18 42.012
162515.99+222953.8  246.316660   22.498304  0.382  20.565  0.041  1  0                N/A  0  0   44.264   9.12   -1.99 41.912
162829.18+432948.5  247.121590   43.496822  0.260  19.755  0.026  1  0                N/A  0  0   44.146   8.55   -1.54 41.412
163031.47+410145.8  247.631140   41.029392  0.531  19.987  0.032  1  0                N/A  0  0   44.581   8.83   -1.39 42.039
163110.01+384457.4  247.791730   38.749290  0.585  21.400  0.107  0  0                N/A  0  0   44.492   9.30   -1.94 42.320
164053.05+451033.7  250.221070   45.176052  0.422  20.699  0.051  1  0                N/A  0  0   44.398   8.86   -1.59 41.726
164420.80+401123.3  251.086680   40.189812  0.610  19.959  0.031  0  0                N/A  0  0   44.559   8.83   -1.41 41.535
164920.77+630431.2  252.336580   63.075340  0.323  20.646  0.065  1  0                N/A  0  0   44.125   8.78   -1.79 41.473
165430.72+395419.7  253.628010   39.905472  0.340  20.956  0.096  1  0                N/A  0  0   44.162   7.93   -0.90 42.257
165532.71+423340.7  253.886300   42.561306  0.403  21.115  0.084  1  0                N/A  0  0   44.136   9.31   -2.31 41.707
165611.69+232720.2  254.048730   23.455626  0.491  20.916  0.102  0  1    TDSS_FES_HYPQSO  0  0   44.424   8.52   -1.23 41.794
172001.57+543439.2  260.006580   54.577564  0.424  21.039  0.107  0  1    TDSS_FES_HYPQSO  0  0   43.930   8.45   -1.65 42.177
172932.33+552503.1  262.384720   55.417542  0.587  21.733  0.133  0  0                N/A  0  0   44.131   8.39   -1.40 41.466
173350.14+585054.5  263.458940   58.848499  0.588  21.605  0.119  0  0                N/A  0  0   44.076   7.98   -1.04 42.550
205623.36+003544.0  314.097350    0.595559  0.693  20.965  0.082  0  0                N/A  0  0   44.696   7.89   -0.33 41.326
210200.42+000501.8  315.501780    0.083858  0.329  20.235  0.049  1  0                N/A  1  0   44.427   8.54   -1.24 41.170
211242.88-000639.2  318.178690   -0.110893  0.607  20.306  0.070  0  0                N/A  0  0   44.762   8.51   -0.88 42.032
212436.64-065722.1  321.152670   -6.956144  0.430  21.291  0.077  1  0                N/A  0  0   44.479   8.33   -0.98 41.787
214613.31+000930.8  326.555470    0.158562  0.621  20.588  0.078  1  0                N/A  1  1   44.250   8.94   -1.82 42.296
214852.50-000554.7  327.218760   -0.098529  0.811  20.206  0.042  1  0                N/A  0  0   44.501   8.89   -1.94 42.068
220153.57-083443.7  330.473210   -8.578818  0.211  19.098  0.019  1  0                N/A  0  0   44.268   8.03   -0.89 42.393
220537.71-071114.5  331.407160   -7.187385  0.295  19.771  0.031  1  0                N/A  1  0   44.447   8.99   -1.68 41.832
220851.96-010603.7  332.216520   -1.101055  0.352  18.996  0.018  1  0                N/A  0  0   44.740   8.35   -0.74 42.052
223133.89+003312.7  337.891220    0.553549  0.476  21.237  0.081  1  0                N/A  0  0   44.458   8.60   -1.28 41.775
223500.50-004940.7  338.752120   -0.827977  0.642  19.373  0.023  1  0                N/A  0  0   44.133   8.53   -1.53 41.916
224829.47+144418.0  342.122810   14.738347  0.424  20.190  0.035  1  0                N/A  0  0   44.504   8.86   -1.49 41.557
225240.37+010958.7  343.168230    1.166306  0.534  21.001  0.082  1  0                N/A  1  0   44.352   8.88   -1.66 42.000
230248.88+134553.4  345.703670   13.764848  0.382  18.070  0.010  1  1        TDSS_FES_DE  0  0   44.404   8.49   -1.22 42.936
230427.86-000803.2  346.116120   -0.134247  0.526  21.245  0.089  1  0                N/A  0  0   44.249   8.75   -1.63 41.748
231216.77+143723.1  348.069880   14.623101  0.671  20.060  0.051  1  1    TDSS_FES_HYPQSO  0  0   44.979   8.86   -1.02 42.383
231742.68+011425.2  349.427870    1.240341  0.518  20.747  0.059  1  0                N/A  0  0   44.351   9.00   -1.78 42.084
232029.75-103827.0  350.123970  -10.640855  0.308  19.823  0.035  1  0                N/A  0  0   44.373   7.84   -0.61 41.841
233317.38-002303.4  353.322460   -0.384302  0.513  19.545  0.021  1  0                N/A  1  0   44.313  10.15   -2.97 42.126
233517.82-004927.0  353.824280   -0.824179  0.670  21.173  0.070  0  0                N/A  0  0   44.525   8.83   -1.44 42.239
233555.42-011131.9  353.980920   -1.192202  0.477  20.440  0.048  1  0                N/A  0  0   44.350   8.15   -0.94 42.006
233843.40-105719.5  354.680850  -10.955439  0.337  20.657  0.080  1  0                N/A  0  0   44.196   8.56   -1.50 41.331
235107.43-091318.0  357.780990   -9.221674  0.355  20.925  0.071  1  0                N/A  1  0   44.274   8.02   -0.88 41.522
235109.73-100607.7  357.790570  -10.102146  0.595  21.702  0.165  1  0                N/A  0  0   44.310   8.61   -1.44 41.511
